-8.333333333333314,-13.666666666666657;0.6666666666666856,0.3333333333333428;7.666666666666686,13.333333333333343;	2
-11.727272727272748,-143.54545454545453;-7.727272727272748,-95.54545454545453;-3.727272727272748,-55.54545454545453;-0.7272727272727479,-33.54545454545453;-0.7272727272727479,-13.545454545454533;-1.727272727272748,8.454545454545467;-1.727272727272748,30.454545454545467;-0.7272727272727479,52.45454545454547;4.272727272727252,68.45454545454547;9.272727272727252,83.45454545454547;15.272727272727252,98.45454545454547;	2
23.25,-294.0;-7.75,18.0;-7.75,118.0;-7.75,158.0;	2
0.0,-70.0;0.0,30.0;0.0,70.0;0.0,-30.0;	2
0.0,30.0;0.0,70.0;0.0,-30.0;0.0,-70.0;	2
1.6666666666666856,21.666666666666686;1.6666666666666856,-18.333333333333314;-3.3333333333333144,-3.3333333333333144;	2
3.3333333333333144,-43.333333333333314;-1.6666666666666856,-28.333333333333314;-1.6666666666666856,71.66666666666669;	2
0.0,-80.0;0.0,20.0;0.0,60.0;	2
1.8333333333333144,-9.0;1.8333333333333144,31.0;7.833333333333314,17.0;3.8333333333333144,0.0;-3.1666666666666856,-13.0;-12.166666666666686,-26.0;	2
59.8125,-147.375;39.8125,-105.375;29.8125,-85.375;23.8125,-66.375;15.8125,-46.375;10.8125,-29.375;5.8125,-10.375;0.8125,7.625;-1.1875,26.625;-1.1875,46.625;-0.1875,66.625;2.8125,84.625;2.8125,104.625;-35.1875,71.625;-67.1875,49.625;-87.1875,32.625;	2
-51.75757575757575,-352.27272727272725;-9.75757575757575,-306.27272727272725;35.24242424242425,-263.27272727272725;144.24242424242425,-163.27272727272725;221.24242424242425,-92.27272727272725;289.24242424242425,-32.27272727272725;334.24242424242425,5.727272727272748;367.24242424242425,34.72727272727275;394.24242424242425,55.72727272727275;414.24242424242425,73.72727272727275;431.24242424242425,84.72727272727275;449.24242424242425,94.72727272727275;462.24242424242425,101.72727272727275;442.24242424242425,99.72727272727275;368.24242424242425,88.72727272727275;215.24242424242425,71.72727272727275;20.24242424242425,43.72727272727275;-181.75757575757575,10.727272727272748;-326.75757575757575,-19.272727272727252;-387.75757575757575,-29.272727272727252;-374.75757575757575,-22.272727272727252;-356.75757575757575,-15.272727272727252;-333.75757575757575,-4.272727272727252;-308.75757575757575,2.727272727272748;-289.75757575757575,7.727272727272748;-277.75757575757575,17.727272727272748;-271.75757575757575,34.72727272727275;-262.75757575757575,49.72727272727275;-253.75757575757575,60.72727272727275;-242.75757575757575,75.72727272727275;-231.75757575757575,86.72727272727275;-220.75757575757575,95.72727272727275;-205.75757575757575,102.72727272727275;	2
149.5483870967742,-196.51612903225805;226.5483870967742,-125.51612903225805;294.5483870967742,-65.51612903225805;339.5483870967742,-27.51612903225805;372.5483870967742,1.4838709677419502;399.5483870967742,22.48387096774195;419.5483870967742,40.48387096774195;436.5483870967742,51.48387096774195;454.5483870967742,61.48387096774195;467.5483870967742,68.48387096774195;447.5483870967742,66.48387096774195;373.5483870967742,55.48387096774195;220.5483870967742,38.48387096774195;25.548387096774206,10.48387096774195;-176.4516129032258,-22.51612903225805;-321.4516129032258,-52.51612903225805;-382.4516129032258,-62.51612903225805;-369.4516129032258,-55.51612903225805;-351.4516129032258,-48.51612903225805;-328.4516129032258,-37.51612903225805;-303.4516129032258,-30.51612903225805;-284.4516129032258,-25.51612903225805;-272.4516129032258,-15.51612903225805;-266.4516129032258,1.4838709677419502;-257.4516129032258,16.48387096774195;-248.4516129032258,27.48387096774195;-237.4516129032258,42.48387096774195;-226.4516129032258,53.48387096774195;-215.4516129032258,62.48387096774195;-200.4516129032258,69.48387096774195;-185.4516129032258,75.48387096774195;	2
236.93548387096774,-134.54838709677415;304.93548387096774,-74.54838709677415;349.93548387096774,-36.54838709677415;382.93548387096774,-7.5483870967741495;409.93548387096774,13.45161290322585;429.93548387096774,31.45161290322585;446.93548387096774,42.45161290322585;464.93548387096774,52.45161290322585;477.93548387096774,59.45161290322585;457.93548387096774,57.45161290322585;383.93548387096774,46.45161290322585;230.93548387096774,29.45161290322585;35.935483870967744,1.4516129032258505;-166.06451612903226,-31.54838709677415;-311.06451612903226,-61.54838709677415;-372.06451612903226,-71.54838709677415;-359.06451612903226,-64.54838709677415;-341.06451612903226,-57.54838709677415;-318.06451612903226,-46.54838709677415;-293.06451612903226,-39.54838709677415;-274.06451612903226,-34.54838709677415;-262.06451612903226,-24.54838709677415;-256.06451612903226,-7.5483870967741495;-247.06451612903226,7.4516129032258505;-238.06451612903226,18.45161290322585;-227.06451612903226,33.45161290322585;-216.06451612903226,44.45161290322585;-205.06451612903226,53.45161290322585;-190.06451612903226,60.45161290322585;-175.06451612903226,66.45161290322585;-162.06451612903226,74.45161290322585;	2
372.8666666666667,-46.23333333333335;405.8666666666667,-17.23333333333335;432.8666666666667,3.7666666666666515;452.8666666666667,21.76666666666665;469.8666666666667,32.76666666666665;487.8666666666667,42.76666666666665;500.8666666666667,49.76666666666665;480.8666666666667,47.76666666666665;406.8666666666667,36.76666666666665;253.86666666666667,19.76666666666665;58.866666666666674,-8.233333333333348;-143.13333333333333,-41.23333333333335;-288.1333333333333,-71.23333333333335;-349.1333333333333,-81.23333333333335;-336.1333333333333,-74.23333333333335;-318.1333333333333,-67.23333333333335;-295.1333333333333,-56.23333333333335;-270.1333333333333,-49.23333333333335;-251.13333333333333,-44.23333333333335;-239.13333333333333,-34.23333333333335;-233.13333333333333,-17.23333333333335;-224.13333333333333,-2.2333333333333485;-215.13333333333333,8.766666666666652;-204.13333333333333,23.76666666666665;-193.13333333333333,34.76666666666665;-182.13333333333333,43.76666666666665;-167.13333333333333,50.76666666666665;-152.13333333333333,56.76666666666665;-139.13333333333333,64.76666666666665;-123.13333333333333,71.76666666666665;	2
421.8333333333333,-21.43333333333328;448.8333333333333,-0.4333333333332803;468.8333333333333,17.56666666666672;485.8333333333333,28.56666666666672;503.8333333333333,38.56666666666672;516.8333333333333,45.56666666666672;496.8333333333333,43.56666666666672;422.8333333333333,32.56666666666672;269.8333333333333,15.56666666666672;74.83333333333331,-12.43333333333328;-127.16666666666669,-45.43333333333328;-272.1666666666667,-75.43333333333328;-333.1666666666667,-85.43333333333328;-320.1666666666667,-78.43333333333328;-302.1666666666667,-71.43333333333328;-279.1666666666667,-60.43333333333328;-254.16666666666669,-53.43333333333328;-235.16666666666669,-48.43333333333328;-223.16666666666669,-38.43333333333328;-217.16666666666669,-21.43333333333328;-208.16666666666669,-6.43333333333328;-199.16666666666669,4.56666666666672;-188.16666666666669,19.56666666666672;-177.16666666666669,30.56666666666672;-166.16666666666669,39.56666666666672;-151.16666666666669,46.56666666666672;-136.16666666666669,52.56666666666672;-123.16666666666669,60.56666666666672;-107.16666666666669,67.56666666666672;-90.16666666666669,75.56666666666672;	2
465.23333333333335,-3.8333333333333712;485.23333333333335,14.166666666666629;502.23333333333335,25.16666666666663;520.2333333333333,35.16666666666663;533.2333333333333,42.16666666666663;513.2333333333333,40.16666666666663;439.23333333333335,29.16666666666663;286.23333333333335,12.166666666666629;91.23333333333335,-15.833333333333371;-110.76666666666665,-48.83333333333337;-255.76666666666665,-78.83333333333337;-316.76666666666665,-88.83333333333337;-303.76666666666665,-81.83333333333337;-285.76666666666665,-74.83333333333337;-262.76666666666665,-63.83333333333337;-237.76666666666665,-56.83333333333337;-218.76666666666665,-51.83333333333337;-206.76666666666665,-41.83333333333337;-200.76666666666665,-24.83333333333337;-191.76666666666665,-9.833333333333371;-182.76666666666665,1.1666666666666288;-171.76666666666665,16.16666666666663;-160.76666666666665,27.16666666666663;-149.76666666666665,36.16666666666663;-134.76666666666665,43.16666666666663;-119.76666666666665,49.16666666666663;-106.76666666666665,57.16666666666663;-90.76666666666665,64.16666666666663;-73.76666666666665,72.16666666666663;-53.76666666666665,77.16666666666663;	2
501.8333333333333,11.366666666666674;518.8333333333333,22.366666666666674;536.8333333333333,32.366666666666674;549.8333333333333,39.366666666666674;529.8333333333333,37.366666666666674;455.8333333333333,26.366666666666674;302.8333333333333,9.366666666666674;107.83333333333331,-18.633333333333326;-94.16666666666669,-51.633333333333326;-239.16666666666669,-81.63333333333333;-300.1666666666667,-91.63333333333333;-287.1666666666667,-84.63333333333333;-269.1666666666667,-77.63333333333333;-246.16666666666669,-66.63333333333333;-221.16666666666669,-59.633333333333326;-202.16666666666669,-54.633333333333326;-190.16666666666669,-44.633333333333326;-184.16666666666669,-27.633333333333326;-175.16666666666669,-12.633333333333326;-166.16666666666669,-1.6333333333333258;-155.16666666666669,13.366666666666674;-144.16666666666669,24.366666666666674;-133.16666666666669,33.366666666666674;-118.16666666666669,40.366666666666674;-103.16666666666669,46.366666666666674;-90.16666666666669,54.366666666666674;-74.16666666666669,61.366666666666674;-57.166666666666686,69.36666666666667;-37.166666666666686,74.36666666666667;-16.166666666666686,77.36666666666667;	2
535.2333333333333,20.06666666666672;553.2333333333333,30.06666666666672;566.2333333333333,37.06666666666672;546.2333333333333,35.06666666666672;472.23333333333335,24.06666666666672;319.23333333333335,7.06666666666672;124.23333333333335,-20.93333333333328;-77.76666666666665,-53.93333333333328;-222.76666666666665,-83.93333333333328;-283.76666666666665,-93.93333333333328;-270.76666666666665,-86.93333333333328;-252.76666666666665,-79.93333333333328;-229.76666666666665,-68.93333333333328;-204.76666666666665,-61.93333333333328;-185.76666666666665,-56.93333333333328;-173.76666666666665,-46.93333333333328;-167.76666666666665,-29.93333333333328;-158.76666666666665,-14.93333333333328;-149.76666666666665,-3.9333333333332803;-138.76666666666665,11.06666666666672;-127.76666666666665,22.06666666666672;-116.76666666666665,31.06666666666672;-101.76666666666665,38.06666666666672;-86.76666666666665,44.06666666666672;-73.76666666666665,52.06666666666672;-57.76666666666665,59.06666666666672;-40.76666666666665,67.06666666666672;-20.76666666666665,72.06666666666672;0.2333333333333485,75.06666666666672;26.23333333333335,78.06666666666672;	2
569.1333333333333,27.93333333333328;582.1333333333333,34.93333333333328;562.1333333333333,32.93333333333328;488.1333333333333,21.93333333333328;335.1333333333333,4.93333333333328;140.13333333333333,-23.06666666666672;-61.866666666666674,-56.06666666666672;-206.86666666666667,-86.06666666666672;-267.8666666666667,-96.06666666666672;-254.86666666666667,-89.06666666666672;-236.86666666666667,-82.06666666666672;-213.86666666666667,-71.06666666666672;-188.86666666666667,-64.06666666666672;-169.86666666666667,-59.06666666666672;-157.86666666666667,-49.06666666666672;-151.86666666666667,-32.06666666666672;-142.86666666666667,-17.06666666666672;-133.86666666666667,-6.06666666666672;-122.86666666666667,8.93333333333328;-111.86666666666667,19.93333333333328;-100.86666666666667,28.93333333333328;-85.86666666666667,35.93333333333328;-70.86666666666667,41.93333333333328;-57.866666666666674,49.93333333333328;-41.866666666666674,56.93333333333328;-24.866666666666674,64.93333333333328;-4.866666666666674,69.93333333333328;16.133333333333326,72.93333333333328;42.133333333333326,75.93333333333328;74.13333333333333,81.93333333333328;	2
597.4666666666667,32.799999999999955;577.4666666666667,30.799999999999955;503.46666666666664,19.799999999999955;350.46666666666664,2.7999999999999545;155.46666666666664,-25.200000000000045;-46.53333333333336,-58.200000000000045;-191.53333333333336,-88.20000000000005;-252.53333333333336,-98.20000000000005;-239.53333333333336,-91.20000000000005;-221.53333333333336,-84.20000000000005;-198.53333333333336,-73.20000000000005;-173.53333333333336,-66.20000000000005;-154.53333333333336,-61.200000000000045;-142.53333333333336,-51.200000000000045;-136.53333333333336,-34.200000000000045;-127.53333333333336,-19.200000000000045;-118.53333333333336,-8.200000000000045;-107.53333333333336,6.7999999999999545;-96.53333333333336,17.799999999999955;-85.53333333333336,26.799999999999955;-70.53333333333336,33.799999999999955;-55.53333333333336,39.799999999999955;-42.53333333333336,47.799999999999955;-26.53333333333336,54.799999999999955;-9.53333333333336,62.799999999999955;10.46666666666664,67.79999999999995;31.46666666666664,70.79999999999995;57.46666666666664,73.79999999999995;89.46666666666664,79.79999999999995;124.46666666666664,89.79999999999995;	2
526.1666666666667,5.361111111111086;452.1666666666667,-5.638888888888914;299.1666666666667,-22.638888888888914;104.16666666666669,-50.638888888888914;-97.83333333333331,-83.63888888888891;-242.83333333333331,-113.63888888888891;-303.8333333333333,-123.63888888888891;-290.8333333333333,-116.63888888888891;-272.8333333333333,-109.63888888888891;-249.83333333333331,-98.63888888888891;-224.83333333333331,-91.63888888888891;-205.83333333333331,-86.63888888888891;-193.83333333333331,-76.63888888888891;-187.83333333333331,-59.638888888888914;-178.83333333333331,-44.638888888888914;-169.83333333333331,-33.638888888888914;-158.83333333333331,-18.638888888888914;-147.83333333333331,-7.638888888888914;-136.83333333333331,1.3611111111110858;-121.83333333333331,8.361111111111086;-106.83333333333331,14.361111111111086;-93.83333333333331,22.361111111111086;-77.83333333333331,29.361111111111086;-60.833333333333314,37.361111111111086;-40.833333333333314,42.361111111111086;-19.833333333333314,45.361111111111086;6.166666666666686,48.361111111111086;38.166666666666686,54.361111111111086;73.16666666666669,64.36111111111109;115.16666666666669,76.36111111111109;187.16666666666669,94.36111111111109;257.1666666666667,106.36111111111109;320.1666666666667,115.36111111111109;367.1666666666667,121.36111111111109;410.1666666666667,127.36111111111109;428.1666666666667,129.3611111111111;	2
-285.9714285714286,-151.20000000000005;-267.9714285714286,-144.20000000000005;-244.9714285714286,-133.20000000000005;-219.9714285714286,-126.20000000000005;-200.9714285714286,-121.20000000000005;-188.9714285714286,-111.20000000000005;-182.9714285714286,-94.20000000000005;-173.9714285714286,-79.20000000000005;-164.9714285714286,-68.20000000000005;-153.9714285714286,-53.200000000000045;-142.9714285714286,-42.200000000000045;-131.9714285714286,-33.200000000000045;-116.97142857142859,-26.200000000000045;-101.97142857142859,-20.200000000000045;-88.97142857142859,-12.200000000000045;-72.97142857142859,-5.2000000000000455;-55.97142857142859,2.7999999999999545;-35.97142857142859,7.7999999999999545;-14.97142857142859,10.799999999999955;11.02857142857141,13.799999999999955;43.02857142857141,19.799999999999955;78.02857142857141,29.799999999999955;120.02857142857141,41.799999999999955;192.0285714285714,59.799999999999955;262.0285714285714,71.79999999999995;325.0285714285714,80.79999999999995;372.0285714285714,86.79999999999995;415.0285714285714,92.79999999999995;433.0285714285714,94.79999999999995;408.0285714285714,93.79999999999995;330.0285714285714,98.79999999999995;139.0285714285714,98.79999999999995;-24.97142857142859,98.79999999999995;-114.97142857142859,107.79999999999995;-140.9714285714286,109.79999999999995;	2
-213.1818181818182,-144.21212121212125;-207.1818181818182,-127.21212121212125;-198.1818181818182,-112.21212121212125;-189.1818181818182,-101.21212121212125;-178.1818181818182,-86.21212121212125;-167.1818181818182,-75.21212121212125;-156.1818181818182,-66.21212121212125;-141.1818181818182,-59.21212121212125;-126.18181818181819,-53.21212121212125;-113.18181818181819,-45.21212121212125;-97.18181818181819,-38.21212121212125;-80.18181818181819,-30.212121212121247;-60.18181818181819,-25.212121212121247;-39.18181818181819,-22.212121212121247;-13.181818181818187,-19.212121212121247;18.818181818181813,-13.212121212121247;53.81818181818181,-3.2121212121212466;95.81818181818181,8.787878787878753;167.8181818181818,26.787878787878753;237.8181818181818,38.78787878787875;300.8181818181818,47.78787878787875;347.8181818181818,53.78787878787875;390.8181818181818,59.78787878787875;408.8181818181818,61.78787878787875;383.8181818181818,60.78787878787875;305.8181818181818,65.78787878787875;114.81818181818181,65.78787878787875;-49.18181818181819,65.78787878787875;-139.1818181818182,74.78787878787875;-165.1818181818182,76.78787878787875;-172.1818181818182,89.78787878787875;-166.1818181818182,107.78787878787875;-155.1818181818182,116.78787878787875;	2
-205.29411764705884,-139.11764705882354;-196.29411764705884,-124.11764705882354;-187.29411764705884,-113.11764705882354;-176.29411764705884,-98.11764705882354;-165.29411764705884,-87.11764705882354;-154.29411764705884,-78.11764705882354;-139.29411764705884,-71.11764705882354;-124.29411764705884,-65.11764705882354;-111.29411764705884,-57.117647058823536;-95.29411764705884,-50.117647058823536;-78.29411764705884,-42.117647058823536;-58.29411764705884,-37.117647058823536;-37.29411764705884,-34.117647058823536;-11.29411764705884,-31.117647058823536;20.70588235294116,-25.117647058823536;55.70588235294116,-15.117647058823536;97.70588235294116,-3.117647058823536;169.70588235294116,14.882352941176464;239.70588235294116,26.882352941176464;302.70588235294116,35.882352941176464;349.70588235294116,41.882352941176464;392.70588235294116,47.882352941176464;410.70588235294116,49.882352941176464;385.70588235294116,48.882352941176464;307.70588235294116,53.882352941176464;116.70588235294116,53.882352941176464;-47.29411764705884,53.882352941176464;-137.29411764705884,62.882352941176464;-163.29411764705884,64.88235294117646;-170.29411764705884,77.88235294117646;-164.29411764705884,95.88235294117646;-153.29411764705884,104.88235294117646;-142.29411764705884,113.88235294117646;-131.29411764705884,122.88235294117646;	2
-84.5,-82.36363636363637;-52.5,-76.36363636363637;-17.5,-66.36363636363637;24.5,-54.363636363636374;96.5,-36.363636363636374;166.5,-24.363636363636374;229.5,-15.363636363636374;276.5,-9.363636363636374;319.5,-3.363636363636374;337.5,-1.363636363636374;312.5,-2.363636363636374;234.5,2.636363636363626;43.5,2.636363636363626;-120.5,2.636363636363626;-210.5,11.636363636363626;-236.5,13.636363636363626;-243.5,26.636363636363626;-237.5,44.636363636363626;-226.5,53.636363636363626;-215.5,62.636363636363626;-204.5,71.63636363636363;-191.5,79.63636363636363;	2
-48.18181818181819,-84.09090909090912;-13.181818181818187,-74.09090909090912;28.818181818181813,-62.09090909090912;100.81818181818181,-44.09090909090912;170.8181818181818,-32.09090909090912;233.8181818181818,-23.090909090909122;280.8181818181818,-17.090909090909122;323.8181818181818,-11.090909090909122;341.8181818181818,-9.090909090909122;316.8181818181818,-10.090909090909122;238.8181818181818,-5.090909090909122;47.81818181818181,-5.090909090909122;-116.18181818181819,-5.090909090909122;-206.1818181818182,3.909090909090878;-232.1818181818182,5.909090909090878;-239.1818181818182,18.909090909090878;-233.1818181818182,36.90909090909088;-222.1818181818182,45.90909090909088;-211.1818181818182,54.90909090909088;-200.1818181818182,63.90909090909088;-187.1818181818182,71.90909090909088;-175.1818181818182,79.90909090909088;	2
-8.045454545454561,-81.86363636363637;33.95454545454544,-69.86363636363637;105.95454545454544,-51.863636363636374;175.95454545454544,-39.863636363636374;238.95454545454544,-30.863636363636374;285.95454545454544,-24.863636363636374;328.95454545454544,-18.863636363636374;346.95454545454544,-16.863636363636374;321.95454545454544,-17.863636363636374;243.95454545454544,-12.863636363636374;52.95454545454544,-12.863636363636374;-111.04545454545456,-12.863636363636374;-201.04545454545456,-3.863636363636374;-227.04545454545456,-1.863636363636374;-234.04545454545456,11.136363636363626;-228.04545454545456,29.136363636363626;-217.04545454545456,38.136363636363626;-206.04545454545456,47.136363636363626;-195.04545454545456,56.136363636363626;-182.04545454545456,64.13636363636363;-170.04545454545456,72.13636363636363;-156.04545454545456,79.13636363636363;	2
-19.833333333333314,-11.166666666666629;-6.833333333333314,-3.1666666666666288;5.166666666666686,4.833333333333371;19.166666666666686,11.833333333333371;8.166666666666686,2.8333333333333712;-5.833333333333314,-5.166666666666629;	2
17.153846153846132,1.6153846153846416;22.153846153846132,16.61538461538464;26.153846153846132,35.61538461538464;32.15384615384613,49.61538461538464;36.15384615384613,65.61538461538464;22.153846153846132,54.61538461538464;8.153846153846132,35.61538461538464;-9.846153846153868,8.615384615384642;-19.846153846153868,-17.38461538461536;-26.846153846153868,-37.38461538461536;-33.84615384615387,-52.38461538461536;-36.84615384615387,-70.38461538461536;-36.84615384615387,-90.38461538461536;	2
-131.9310344827586,-231.0344827586207;-109.9310344827586,-191.0344827586207;-62.931034482758605,-128.0344827586207;8.068965517241395,-66.0344827586207;104.0689655172414,5.9655172413793025;216.0689655172414,70.9655172413793;333.0689655172414,133.9655172413793;392.0689655172414,164.9655172413793;392.0689655172414,64.9655172413793;392.0689655172414,24.965517241379303;375.0689655172414,20.965517241379303;308.0689655172414,-1.0344827586206975;200.0689655172414,-34.0344827586207;52.068965517241395,-80.0344827586207;-83.9310344827586,-122.0344827586207;-174.9310344827586,-153.0344827586207;-210.9310344827586,-163.0344827586207;-210.9310344827586,-63.0344827586207;-210.9310344827586,-23.034482758620697;-207.9310344827586,1.9655172413793025;-194.9310344827586,24.965517241379303;-182.9310344827586,44.9655172413793;-168.9310344827586,60.9655172413793;-160.9310344827586,74.9655172413793;-151.9310344827586,87.9655172413793;-140.9310344827586,99.9655172413793;-131.9310344827586,112.9655172413793;-121.9310344827586,123.9655172413793;-113.9310344827586,135.9655172413793;	2
14.0,7.0;0.0,1.0;-14.0,-8.0;	2
-209.04999999999995,-51.900000000000006;111.95000000000005,242.1;157.95000000000005,278.1;176.95000000000005,295.1;176.95000000000005,195.1;176.95000000000005,155.1;162.95000000000005,143.1;116.95000000000005,108.1;61.950000000000045,62.099999999999994;-174.04999999999995,-116.9;-176.04999999999995,-136.9;-172.04999999999995,-153.9;-150.04999999999995,-156.9;-114.04999999999995,-151.9;-61.049999999999955,-136.9;-26.049999999999955,-125.9;-8.049999999999955,-120.9;-0.049999999999954525,-108.9;-18.049999999999955,-106.9;-34.049999999999955,-110.9;	2
