-88.0769230769231,-105.15384615384616;-70.0769230769231,-94.15384615384616;-15.076923076923094,-67.15384615384616;12.923076923076906,-53.15384615384616;32.923076923076906,-45.15384615384616;47.923076923076906,-40.15384615384616;47.923076923076906,59.84615384615384;47.923076923076906,99.84615384615384;21.923076923076906,99.84615384615384;3.9230769230769056,97.84615384615384;-14.076923076923094,95.84615384615384;-14.076923076923094,-4.15384615384616;-14.076923076923094,-44.15384615384616;	2
-64.93333333333334,-92.33333333333334;-9.933333333333337,-65.33333333333334;18.066666666666663,-51.33333333333334;38.06666666666666,-43.33333333333334;53.06666666666666,-38.33333333333334;53.06666666666666,61.66666666666666;53.06666666666666,101.66666666666666;27.066666666666663,101.66666666666666;9.066666666666663,99.66666666666666;-8.933333333333337,97.66666666666666;-8.933333333333337,-2.333333333333343;-8.933333333333337,-42.33333333333334;-28.933333333333337,-42.33333333333334;-48.93333333333334,-42.33333333333334;-71.93333333333334,-42.33333333333334;	2
19.571428571428555,-59.5;39.571428571428555,-51.5;54.571428571428555,-46.5;54.571428571428555,53.5;54.571428571428555,93.5;28.571428571428555,93.5;10.571428571428555,91.5;-7.428571428571445,89.5;-7.428571428571445,-10.5;-7.428571428571445,-50.5;-27.428571428571445,-50.5;-47.428571428571445,-50.5;-70.42857142857144,-50.5;-94.42857142857144,-51.5;	2
68.15384615384613,-50.84615384615384;68.15384615384613,49.15384615384616;68.15384615384613,89.15384615384616;42.15384615384613,89.15384615384616;24.153846153846132,87.15384615384616;6.153846153846132,85.15384615384616;6.153846153846132,-14.84615384615384;6.153846153846132,-54.84615384615384;-13.846153846153868,-54.84615384615384;-33.84615384615387,-54.84615384615384;-56.84615384615387,-54.84615384615384;-80.84615384615387,-55.84615384615384;-103.84615384615387,-58.84615384615384;	2
110.5,66.75;110.5,106.75;84.5,106.75;66.5,104.75;48.5,102.75;48.5,2.75;48.5,-37.25;28.5,-37.25;8.5,-37.25;-14.5,-37.25;-38.5,-38.25;-61.5,-41.25;-77.5,-48.25;-96.5,-58.25;-121.5,-72.25;-144.5,-83.25;	2
-21.047619047619037,-221.76190476190476;74.95238095238096,-149.76190476190476;186.95238095238096,-85.76190476190476;306.95238095238096,-19.76190476190476;414.95238095238096,34.23809523809524;485.95238095238096,69.23809523809524;520.952380952381,86.23809523809524;541.952380952381,100.23809523809524;508.95238095238096,106.23809523809524;353.95238095238096,95.23809523809524;128.95238095238096,65.23809523809524;-141.04761904761904,29.23809523809524;-346.04761904761904,6.238095238095241;-462.04761904761904,-11.76190476190476;-450.04761904761904,-22.76190476190476;-421.04761904761904,-23.76190476190476;-387.04761904761904,-21.76190476190476;-354.04761904761904,-14.76190476190476;-330.04761904761904,-10.76190476190476;-315.04761904761904,-5.761904761904759;-297.04761904761904,-3.761904761904759;	2
-0.47368421052630083,-190.89473684210526;1.5263157894736992,-171.89473684210526;2.526315789473699,-152.89473684210526;2.526315789473699,-129.89473684210526;6.526315789473699,-106.89473684210526;10.5263157894737,-81.89473684210526;14.5263157894737,-54.89473684210526;21.5263157894737,-24.89473684210526;24.5263157894737,7.10526315789474;28.5263157894737,34.10526315789474;30.5263157894737,54.10526315789474;23.5263157894737,70.10526315789474;16.5263157894737,84.10526315789474;7.526315789473699,97.10526315789474;-12.4736842105263,99.10526315789474;-35.4736842105263,99.10526315789474;-50.4736842105263,105.10526315789474;-48.4736842105263,124.10526315789474;-43.4736842105263,140.10526315789474;	2
-112.39999999999998,-304.8;-100.39999999999998,-268.8;-84.39999999999998,-236.8;-69.39999999999998,-210.8;-60.39999999999998,-192.8;-51.39999999999998,-179.8;-43.39999999999998,-167.8;-29.399999999999977,-148.8;-14.399999999999977,-128.8;15.600000000000023,-93.80000000000001;54.60000000000002,-56.80000000000001;77.60000000000002,-27.80000000000001;90.60000000000002,-3.8000000000000114;101.60000000000002,19.19999999999999;112.60000000000002,38.19999999999999;116.60000000000002,55.19999999999999;119.60000000000002,80.19999999999999;117.60000000000002,109.19999999999999;108.60000000000002,136.2;102.60000000000002,156.2;97.60000000000002,172.2;76.60000000000002,173.2;47.60000000000002,166.2;-2.3999999999999773,156.2;-48.39999999999998,143.2;-74.39999999999998,137.2;-96.39999999999998,128.2;-123.39999999999998,120.19999999999999;-146.39999999999998,117.19999999999999;-182.39999999999998,113.19999999999999;	2
-150.68421052631578,-276.7894736842105;-113.68421052631578,-233.78947368421052;-82.68421052631578,-196.78947368421052;-56.68421052631578,-166.78947368421052;-35.68421052631578,-136.78947368421052;-17.68421052631578,-107.78947368421052;-3.6842105263157805,-81.78947368421052;7.3157894736842195,-51.78947368421052;21.31578947368422,-16.78947368421052;32.31578947368422,12.21052631578948;42.31578947368422,40.21052631578948;48.31578947368422,58.21052631578948;50.31578947368422,78.21052631578948;52.31578947368422,98.21052631578948;52.31578947368422,119.21052631578948;52.31578947368422,140.21052631578948;52.31578947368422,240.21052631578948;33.31578947368422,243.21052631578948;16.31578947368422,239.21052631578948;	2
-210.5,-422.25;-120.5,-230.25;-54.5,-111.25;-29.5,-72.25;41.5,50.75;66.5,92.75;72.5,106.75;52.5,105.75;33.5,103.75;15.5,98.75;-0.5,94.75;3.5,72.75;17.5,42.75;31.5,17.75;40.5,4.75;40.5,44.75;	2
-24.80000000000001,150.8;-24.80000000000001,110.80000000000001;-18.80000000000001,89.80000000000001;16.19999999999999,-101.19999999999999;52.19999999999999,-250.2;	2
-74.81818181818187,-68.72727272727273;29.18181818181813,-23.727272727272734;62.18181818181813,-1.7272727272727337;68.18181818181813,12.272727272727266;64.18181818181813,29.272727272727266;54.18181818181813,44.272727272727266;33.18181818181813,43.272727272727266;-18.81818181818187,8.272727272727266;-64.81818181818187,-15.727272727272734;-78.81818181818187,-22.727272727272734;-73.81818181818187,-4.727272727272734;	2
