-235.1875,-224.0625;-22.1875,-104.0625;86.8125,-46.0625;143.8125,-6.0625;164.8125,12.9375;167.8125,29.9375;157.8125,41.9375;146.8125,50.9375;135.8125,61.9375;112.8125,57.9375;62.8125,46.9375;-21.1875,37.9375;-126.1875,23.9375;-216.1875,11.9375;-268.1875,3.9375;-290.1875,-0.0625;	2
-57.833333333333314,-82.33333333333333;-13.833333333333314,-16.33333333333333;3.1666666666666856,3.6666666666666714;15.166666666666686,18.66666666666667;23.166666666666686,30.66666666666667;30.166666666666686,45.66666666666667;	2
-80.15384615384613,-231.0;-34.15384615384613,-147.0;12.846153846153868,-71.0;37.84615384615387,-18.0;47.84615384615387,12.0;50.84615384615387,31.0;50.84615384615387,52.0;36.84615384615387,60.0;19.846153846153868,63.0;-1.153846153846132,63.0;-28.153846153846132,62.0;-47.15384615384613,61.0;-66.15384615384613,63.0;	2
-136.17647058823525,-263.6470588235294;-99.17647058823525,-216.6470588235294;-58.17647058823525,-162.6470588235294;-17.176470588235247,-114.64705882352939;18.823529411764753,-67.64705882352939;42.82352941176475,-35.64705882352939;53.82352941176475,-12.647058823529392;59.82352941176475,7.352941176470608;64.82352941176475,22.35294117647061;66.82352941176475,40.35294117647061;65.82352941176475,59.35294117647061;50.82352941176475,73.35294117647061;19.823529411764753,95.35294117647061;-13.176470588235247,118.35294117647061;-34.17647058823525,136.3529411764706;-45.17647058823525,152.3529411764706;-40.17647058823525,168.3529411764706;	2
-129.30769230769226,-380.2692307692308;-91.30769230769226,-330.2692307692308;-50.307692307692264,-286.2692307692308;-18.307692307692264,-245.26923076923077;7.692307692307736,-213.26923076923077;26.692307692307736,-181.26923076923077;49.692307692307736,-139.26923076923077;77.69230769230774,-83.26923076923077;113.69230769230774,-26.269230769230774;145.69230769230774,15.730769230769226;175.69230769230774,41.730769230769226;200.69230769230774,61.730769230769226;221.69230769230774,77.73076923076923;236.69230769230774,84.73076923076923;250.69230769230774,91.73076923076923;81.69230769230774,73.73076923076923;-21.307692307692264,78.73076923076923;-76.30769230769226,83.73076923076923;-111.30769230769226,87.73076923076923;-125.30769230769226,93.73076923076923;-137.30769230769226,101.73076923076923;-137.30769230769226,201.73076923076923;-155.30769230769226,196.73076923076923;-168.30769230769226,188.73076923076923;-183.30769230769226,182.73076923076923;-183.30769230769226,222.73076923076923;	2
199.16666666666669,-69.91666666666663;96.16666666666669,-64.91666666666663;41.166666666666686,-59.91666666666663;6.166666666666686,-55.91666666666663;-7.833333333333314,-49.91666666666663;-19.833333333333314,-41.91666666666663;-19.833333333333314,58.08333333333337;-37.833333333333314,53.08333333333337;-50.833333333333314,45.08333333333337;-65.83333333333331,39.08333333333337;-65.83333333333331,79.08333333333337;-74.83333333333331,68.08333333333337;	2
2.8999999999999773,-54.700000000000045;-10.100000000000023,-62.700000000000045;-25.100000000000023,-68.70000000000005;-25.100000000000023,-28.700000000000045;-34.10000000000002,-39.700000000000045;-18.100000000000023,-18.700000000000045;2.8999999999999773,22.299999999999955;20.899999999999977,58.299999999999955;36.89999999999998,88.29999999999995;48.89999999999998,104.29999999999995;	2
-15.399999999999977,-80.29999999999995;-30.399999999999977,-86.29999999999995;-30.399999999999977,-46.299999999999955;-39.39999999999998,-57.299999999999955;-23.399999999999977,-36.299999999999955;-2.3999999999999773,4.7000000000000455;15.600000000000023,40.700000000000045;31.600000000000023,70.70000000000005;43.60000000000002,86.70000000000005;50.60000000000002,103.70000000000005;	2
-37.19999999999999,-106.5;-37.19999999999999,-66.5;-46.19999999999999,-77.5;-30.19999999999999,-56.5;-9.199999999999989,-15.5;8.800000000000011,20.5;24.80000000000001,50.5;36.80000000000001,66.5;43.80000000000001,83.5;45.80000000000001,101.5;	2
-105.48571428571427,-534.6285714285714;-43.485714285714266,-471.6285714285714;87.51428571428573,-345.6285714285714;166.51428571428573,-248.62857142857138;221.51428571428573,-183.62857142857138;259.51428571428573,-149.62857142857138;284.51428571428573,-134.62857142857138;303.51428571428573,-122.62857142857138;314.51428571428573,-112.62857142857138;303.51428571428573,-99.62857142857138;244.51428571428573,-81.62857142857138;166.51428571428573,-58.62857142857138;124.51428571428573,-39.62857142857138;110.51428571428573,-31.628571428571377;98.51428571428573,-23.628571428571377;79.51428571428573,-21.628571428571377;57.514285714285734,-22.628571428571377;37.514285714285734,-22.628571428571377;17.514285714285734,-20.628571428571377;-6.485714285714266,-16.628571428571377;-33.485714285714266,-9.628571428571377;-58.485714285714266,7.371428571428623;-82.48571428571427,34.37142857142862;-108.48571428571427,83.37142857142862;-139.48571428571427,145.37142857142862;-175.48571428571427,198.37142857142862;-208.48571428571427,237.37142857142862;-227.48571428571427,265.3714285714286;-237.48571428571427,279.3714285714286;-251.48571428571427,288.3714285714286;-248.48571428571427,271.3714285714286;-242.48571428571427,257.3714285714286;-236.48571428571427,243.37142857142862;-232.48571428571427,227.37142857142862;-239.48571428571427,213.37142857142862;	2
-95.29729729729729,-612.2432432432432;-22.29729729729729,-539.2432432432432;70.70270270270271,-460.2432432432432;165.7027027027027,-378.2432432432432;235.7027027027027,-287.2432432432432;283.7027027027027,-205.24324324324323;320.7027027027027,-149.24324324324323;349.7027027027027,-109.24324324324323;386.7027027027027,-71.24324324324323;421.7027027027027,-42.24324324324323;449.7027027027027,-23.243243243243228;461.7027027027027,-13.243243243243228;438.7027027027027,-13.243243243243228;335.7027027027027,-13.243243243243228;238.7027027027027,-13.243243243243228;-93.29729729729729,3.756756756756772;-97.29729729729729,20.756756756756772;-104.29729729729729,33.75675675675677;-104.29729729729729,53.75675675675677;-99.29729729729729,68.75675675675677;-95.29729729729729,85.75675675675677;-94.29729729729729,104.75675675675677;-88.29729729729729,118.75675675675677;-90.29729729729729,136.75675675675677;-104.29729729729729,146.75675675675677;-122.29729729729729,150.75675675675677;-141.2972972972973,151.75675675675677;-163.2972972972973,157.75675675675677;-190.2972972972973,165.75675675675677;-224.2972972972973,172.75675675675677;-271.2972972972973,177.75675675675677;-337.2972972972973,181.75675675675677;-384.2972972972973,184.75675675675677;-368.2972972972973,192.75675675675677;-331.2972972972973,196.75675675675677;-285.2972972972973,208.75675675675677;-251.2972972972973,215.75675675675677;	2
-21.714285714285722,-3.428571428571445;-68.71428571428572,-0.4285714285714448;-52.71428571428572,7.571428571428555;-15.714285714285722,11.571428571428555;30.285714285714278,23.571428571428555;64.28571428571428,30.571428571428555;64.28571428571428,-69.42857142857144;	2
-403.92857142857144,598.4285714285714;265.07142857142856,315.42857142857144;305.07142857142856,217.42857142857144;305.07142857142856,177.42857142857144;291.07142857142856,166.42857142857144;168.07142857142856,55.428571428571445;-11.928571428571445,-91.57142857142856;-154.92857142857144,-200.57142857142856;-208.92857142857144,-231.57142857142856;-187.92857142857144,-233.57142857142856;-141.92857142857144,-210.57142857142856;-106.92857142857144,-195.57142857142856;-49.928571428571445,-181.57142857142856;-67.92857142857144,-185.57142857142856;	2
