-10.636363636363626,-79.18181818181819;5.363636363636374,-75.18181818181819;3.363636363636374,-55.18181818181819;-1.636363636363626,-40.18181818181819;-3.636363636363626,-21.181818181818187;-3.636363636363626,-1.181818181818187;-1.636363636363626,16.818181818181813;0.36363636363637397,35.81818181818181;3.363636363636374,52.81818181818181;4.363636363636374,72.81818181818181;4.363636363636374,93.81818181818181;	1
4.46666666666664,-135.46666666666664;2.46666666666664,-115.46666666666664;-2.53333333333336,-100.46666666666664;-4.53333333333336,-81.46666666666664;-4.53333333333336,-61.46666666666664;-2.53333333333336,-43.46666666666664;-0.5333333333333599,-24.46666666666664;2.46666666666664,-7.46666666666664;3.46666666666664,12.53333333333336;3.46666666666664,33.53333333333336;-0.5333333333333599,49.53333333333336;-0.5333333333333599,72.53333333333336;-0.5333333333333599,104.53333333333336;-0.5333333333333599,135.53333333333336;0.46666666666664014,161.53333333333336;	1
2.3333333333333144,-136.39999999999998;-2.6666666666666856,-121.39999999999998;-4.666666666666686,-102.39999999999998;-4.666666666666686,-82.39999999999998;-2.6666666666666856,-64.39999999999998;-0.6666666666666856,-45.39999999999998;2.3333333333333144,-28.399999999999977;3.3333333333333144,-8.399999999999977;3.3333333333333144,12.600000000000023;-0.6666666666666856,28.600000000000023;-0.6666666666666856,51.60000000000002;-0.6666666666666856,83.60000000000002;-0.6666666666666856,114.60000000000002;0.3333333333333144,140.60000000000002;6.333333333333314,157.60000000000002;	1
-4.4375,-152.625;-6.4375,-133.625;-6.4375,-113.625;-4.4375,-95.625;-2.4375,-76.625;0.5625,-59.625;1.5625,-39.625;1.5625,-18.625;-2.4375,-2.625;-2.4375,20.375;-2.4375,52.375;-2.4375,83.375;-1.4375,109.375;4.5625,126.375;11.5625,141.375;15.5625,159.375;	1
-8.1875,-155.0;-8.1875,-135.0;-6.1875,-117.0;-4.1875,-98.0;-1.1875,-81.0;-0.1875,-61.0;-0.1875,-40.0;-4.1875,-24.0;-4.1875,-1.0;-4.1875,31.0;-4.1875,62.0;-3.1875,88.0;2.8125,105.0;9.8125,120.0;13.8125,138.0;21.8125,168.0;	1
-23.176470588235304,-9.529411764705856;-23.176470588235304,22.470588235294144;-23.176470588235304,53.470588235294144;-22.176470588235304,79.47058823529414;-16.176470588235304,96.47058823529414;-9.176470588235304,111.47058823529414;-5.176470588235304,129.47058823529414;2.823529411764696,159.47058823529414;7.823529411764696,139.47058823529414;7.823529411764696,55.470588235294144;20.823529411764696,-30.529411764705856;20.823529411764696,-77.52941176470586;20.823529411764696,-104.52941176470586;17.823529411764696,-123.52941176470586;16.823529411764696,-146.52941176470586;7.823529411764696,-171.52941176470586;-1.1764705882353041,-183.52941176470586;	1
-25.5,66.6875;-24.5,92.6875;-18.5,109.6875;-11.5,124.6875;-7.5,142.6875;0.5,172.6875;5.5,152.6875;5.5,68.6875;18.5,-17.3125;18.5,-64.3125;18.5,-91.3125;15.5,-110.3125;14.5,-133.3125;5.5,-158.3125;-3.5,-170.3125;-11.5,-185.3125;	1
-20.666666666666686,133.60000000000002;-13.666666666666686,148.60000000000002;-9.666666666666686,166.60000000000002;-1.6666666666666856,196.60000000000002;3.3333333333333144,176.60000000000002;3.3333333333333144,92.60000000000002;16.333333333333314,6.600000000000023;16.333333333333314,-40.39999999999998;16.333333333333314,-67.39999999999998;13.333333333333314,-86.39999999999998;12.333333333333314,-109.39999999999998;3.3333333333333144,-134.39999999999998;-5.666666666666686,-146.39999999999998;-13.666666666666686,-161.39999999999998;-19.666666666666686,-175.39999999999998;	1
48.19230769230768,186.88461538461536;48.19230769230768,102.88461538461536;61.19230769230768,16.88461538461536;61.19230769230768,-30.11538461538464;61.19230769230768,-57.11538461538464;58.19230769230768,-76.11538461538464;57.19230769230768,-99.11538461538464;48.19230769230768,-124.11538461538464;39.19230769230768,-136.11538461538464;31.19230769230768,-151.11538461538464;25.19230769230768,-165.11538461538464;16.19230769230768,-147.11538461538464;1.1923076923076792,-121.11538461538464;-18.80769230769232,-95.11538461538464;-32.80769230769232,-80.11538461538464;-43.80769230769232,-70.11538461538464;-47.80769230769232,-52.11538461538464;-47.80769230769232,-11.115384615384642;-43.80769230769232,38.88461538461536;-40.80769230769232,91.88461538461536;-45.80769230769232,117.88461538461536;-55.80769230769232,133.88461538461536;-52.80769230769232,158.88461538461536;-46.80769230769232,173.88461538461536;-40.80769230769232,187.88461538461536;-38.80769230769232,205.88461538461536;	1
29.916666666666686,-644.6666666666666;12.916666666666686,-536.6666666666666;-16.083333333333314,-444.66666666666663;-25.083333333333314,-379.66666666666663;-25.083333333333314,-353.66666666666663;-25.083333333333314,-297.66666666666663;-25.083333333333314,-266.66666666666663;-25.083333333333314,-244.66666666666663;-25.083333333333314,-224.66666666666663;-25.083333333333314,-124.66666666666663;-25.083333333333314,-103.66666666666663;-25.083333333333314,-83.66666666666663;-17.083333333333314,-64.66666666666663;-7.083333333333314,-40.66666666666663;0.9166666666666856,-11.666666666666629;17.916666666666686,48.33333333333337;30.916666666666686,98.33333333333337;34.916666666666686,118.33333333333337;36.916666666666686,141.33333333333337;29.916666666666686,156.33333333333337;48.916666666666686,152.33333333333337;48.916666666666686,131.33333333333337;38.916666666666686,146.33333333333337;32.916666666666686,162.33333333333337;28.916666666666686,178.33333333333337;26.916666666666686,196.33333333333337;22.916666666666686,214.33333333333337;16.916666666666686,228.33333333333337;6.916666666666686,240.33333333333337;-6.083333333333314,249.33333333333337;-18.083333333333314,258.33333333333337;-30.083333333333314,266.33333333333337;-41.083333333333314,275.33333333333337;-35.083333333333314,260.33333333333337;-35.083333333333314,160.33333333333337;-35.083333333333314,139.33333333333337;	1
-25.774193548387075,-356.48387096774195;-25.774193548387075,-334.48387096774195;-25.774193548387075,-314.48387096774195;-25.774193548387075,-214.48387096774195;-25.774193548387075,-193.48387096774195;-25.774193548387075,-173.48387096774195;-17.774193548387075,-154.48387096774195;-7.774193548387075,-130.48387096774195;0.22580645161292523,-101.48387096774195;17.225806451612925,-41.48387096774195;30.225806451612925,8.51612903225805;34.225806451612925,28.51612903225805;36.225806451612925,51.51612903225805;29.225806451612925,66.51612903225805;48.225806451612925,62.51612903225805;48.225806451612925,41.51612903225805;38.225806451612925,56.51612903225805;32.225806451612925,72.51612903225805;28.225806451612925,88.51612903225805;26.225806451612925,106.51612903225805;22.225806451612925,124.51612903225805;16.225806451612925,138.51612903225805;6.225806451612925,150.51612903225805;-6.774193548387075,159.51612903225805;-18.774193548387075,168.51612903225805;-30.774193548387075,176.51612903225805;-41.774193548387075,185.51612903225805;-35.774193548387075,170.51612903225805;-35.774193548387075,70.51612903225805;-35.774193548387075,49.51612903225805;-27.774193548387075,37.51612903225805;	1
-25.967741935483843,-346.61290322580646;-25.967741935483843,-326.61290322580646;-25.967741935483843,-226.61290322580646;-25.967741935483843,-205.61290322580646;-25.967741935483843,-185.61290322580646;-17.967741935483843,-166.61290322580646;-7.9677419354838435,-142.61290322580646;0.03225806451615654,-113.61290322580646;17.032258064516157,-53.61290322580646;30.032258064516157,-3.6129032258064626;34.03225806451616,16.387096774193537;36.03225806451616,39.38709677419354;29.032258064516157,54.38709677419354;48.03225806451616,50.38709677419354;48.03225806451616,29.387096774193537;38.03225806451616,44.38709677419354;32.03225806451616,60.38709677419354;28.032258064516157,76.38709677419354;26.032258064516157,94.38709677419354;22.032258064516157,112.38709677419354;16.032258064516157,126.38709677419354;6.0322580645161565,138.38709677419354;-6.9677419354838435,147.38709677419354;-18.967741935483843,156.38709677419354;-30.967741935483843,164.38709677419354;-41.96774193548384,173.38709677419354;-35.96774193548384,158.38709677419354;-35.96774193548384,58.38709677419354;-35.96774193548384,37.38709677419354;-27.967741935483843,25.387096774193537;-19.967741935483843,7.387096774193537;	1
-27.34375,-334.0;-27.34375,-234.0;-27.34375,-213.0;-27.34375,-193.0;-19.34375,-174.0;-9.34375,-150.0;-1.34375,-121.0;15.65625,-61.0;28.65625,-11.0;32.65625,9.0;34.65625,32.0;27.65625,47.0;46.65625,43.0;46.65625,22.0;36.65625,37.0;30.65625,53.0;26.65625,69.0;24.65625,87.0;20.65625,105.0;14.65625,119.0;4.65625,131.0;-8.34375,140.0;-20.34375,149.0;-32.34375,157.0;-43.34375,166.0;-37.34375,151.0;-37.34375,51.0;-37.34375,30.0;-29.34375,18.0;-21.34375,0.0;-6.34375,-31.0;21.65625,-94.0;	1
-36.882352941176464,-216.79411764705878;-36.882352941176464,-195.79411764705878;-36.882352941176464,-175.79411764705878;-28.882352941176464,-156.79411764705878;-18.882352941176464,-132.79411764705878;-10.882352941176464,-103.79411764705878;6.117647058823536,-43.79411764705878;19.117647058823536,6.205882352941217;23.117647058823536,26.205882352941217;25.117647058823536,49.20588235294122;18.117647058823536,64.20588235294122;37.117647058823536,60.20588235294122;37.117647058823536,39.20588235294122;27.117647058823536,54.20588235294122;21.117647058823536,70.20588235294122;17.117647058823536,86.20588235294122;15.117647058823536,104.20588235294122;11.117647058823536,122.20588235294122;5.117647058823536,136.20588235294122;-4.882352941176464,148.20588235294122;-17.882352941176464,157.20588235294122;-29.882352941176464,166.20588235294122;-41.882352941176464,174.20588235294122;-52.882352941176464,183.20588235294122;-46.882352941176464,168.20588235294122;-46.882352941176464,68.20588235294122;-46.882352941176464,47.20588235294122;-38.882352941176464,35.20588235294122;-30.882352941176464,17.205882352941217;-15.882352941176464,-13.794117647058783;12.117647058823536,-76.79411764705878;51.117647058823536,-169.79411764705878;87.11764705882354,-276.7941176470588;130.11764705882354,-420.7941176470588;	1
-48.68571428571431,-170.11428571428576;-48.68571428571431,-150.11428571428576;-40.68571428571431,-131.11428571428576;-30.68571428571431,-107.11428571428576;-22.68571428571431,-78.11428571428576;-5.685714285714312,-18.114285714285757;7.314285714285688,31.885714285714243;11.314285714285688,51.88571428571424;13.314285714285688,74.88571428571424;6.314285714285688,89.88571428571424;25.31428571428569,85.88571428571424;25.31428571428569,64.88571428571424;15.314285714285688,79.88571428571424;9.314285714285688,95.88571428571424;5.314285714285688,111.88571428571424;3.3142857142856883,129.88571428571424;-0.6857142857143117,147.88571428571424;-6.685714285714312,161.88571428571424;-16.68571428571431,173.88571428571424;-29.68571428571431,182.88571428571424;-41.68571428571431,191.88571428571424;-53.68571428571431,199.88571428571424;-64.68571428571431,208.88571428571424;-58.68571428571431,193.88571428571424;-58.68571428571431,93.88571428571424;-58.68571428571431,72.88571428571424;-50.68571428571431,60.88571428571424;-42.68571428571431,42.88571428571424;-27.68571428571431,11.885714285714243;0.3142857142856883,-51.11428571428576;39.31428571428569,-144.11428571428576;75.31428571428569,-251.11428571428576;118.31428571428569,-395.11428571428576;165.3142857142857,-504.11428571428576;187.3142857142857,-560.1142857142858;	1
-80.89999999999998,-58.35000000000002;-72.89999999999998,-39.35000000000002;-62.89999999999998,-15.350000000000023;-54.89999999999998,13.649999999999977;-37.89999999999998,73.64999999999998;-24.899999999999977,123.64999999999998;-20.899999999999977,143.64999999999998;-18.899999999999977,166.64999999999998;-25.899999999999977,181.64999999999998;-6.899999999999977,177.64999999999998;-6.899999999999977,156.64999999999998;-16.899999999999977,171.64999999999998;-22.899999999999977,187.64999999999998;-26.899999999999977,203.64999999999998;-28.899999999999977,221.64999999999998;-32.89999999999998,239.64999999999998;-38.89999999999998,253.64999999999998;-48.89999999999998,265.65;-61.89999999999998,274.65;-73.89999999999998,283.65;-85.89999999999998,291.65;-96.89999999999998,300.65;-90.89999999999998,285.65;-90.89999999999998,185.64999999999998;-90.89999999999998,164.64999999999998;-82.89999999999998,152.64999999999998;-74.89999999999998,134.64999999999998;-59.89999999999998,103.64999999999998;-31.899999999999977,40.64999999999998;7.100000000000023,-52.35000000000002;43.10000000000002,-159.35000000000002;86.10000000000002,-303.35;133.10000000000002,-412.35;155.10000000000002,-468.35;165.10000000000002,-501.35;169.10000000000002,-525.35;170.10000000000002,-544.35;170.10000000000002,-565.35;178.10000000000002,-579.35;194.10000000000002,-574.35;	1
