-86.15384615384613,10.15384615384616;-84.15384615384613,-7.84615384615384;-70.15384615384613,-13.84615384615384;-51.15384615384613,-14.84615384615384;-30.153846153846132,-14.84615384615384;-10.153846153846132,-14.84615384615384;4.846153846153868,-9.84615384615384;19.846153846153868,-4.84615384615384;33.84615384615387,1.1538461538461604;46.84615384615387,8.15384615384616;60.84615384615387,14.15384615384616;74.84615384615387,20.15384615384616;90.84615384615387,27.15384615384616;	2
-158.2,-168.6;-98.19999999999999,-102.6;-34.19999999999999,-45.599999999999994;10.800000000000011,-7.599999999999994;31.80000000000001,19.400000000000006;47.80000000000001,42.400000000000006;57.80000000000001,57.400000000000006;61.80000000000001,74.4;47.80000000000001,68.4;32.80000000000001,62.400000000000006;	2
-189.57142857142856,-305.0357142857143;-155.57142857142856,-230.03571428571428;-118.57142857142856,-152.03571428571428;-85.57142857142856,-90.03571428571428;-61.571428571428555,-47.03571428571428;-45.571428571428555,-14.035714285714278;-34.571428571428555,6.964285714285722;-27.571428571428555,22.964285714285722;-11.571428571428555,18.964285714285722;14.428571428571445,18.964285714285722;34.428571428571445,18.964285714285722;57.428571428571445,22.964285714285722;79.42857142857144,26.964285714285722;101.42857142857144,35.96428571428572;117.42857142857144,41.96428571428572;134.42857142857144,45.96428571428572;112.42857142857144,46.96428571428572;92.42857142857144,44.96428571428572;76.42857142857144,39.96428571428572;59.428571428571445,35.96428571428572;39.428571428571445,34.96428571428572;16.428571428571445,34.96428571428572;-4.571428571428555,34.96428571428572;-25.571428571428555,34.96428571428572;-38.571428571428555,41.96428571428572;-45.571428571428555,54.96428571428572;-45.571428571428555,75.96428571428572;-45.571428571428555,96.96428571428572;	2
18.857142857142833,-389.2857142857143;10.857142857142833,-232.28571428571428;14.857142857142833,-178.28571428571428;0.8571428571428328,-84.28571428571428;-1.1428571428571672,-55.28571428571428;-6.142857142857167,-27.285714285714278;-8.142857142857167,-9.285714285714278;-8.142857142857167,90.71428571428572;4.857142857142833,98.71428571428572;4.857142857142833,118.71428571428572;-4.142857142857167,130.71428571428572;-9.142857142857167,145.71428571428572;-9.142857142857167,185.71428571428572;-9.142857142857167,205.71428571428572;	2
-4.75,-55.625;8.25,-47.625;8.25,-27.625;-0.75,-15.625;-5.75,-0.625;-5.75,39.375;-5.75,59.375;6.25,48.375;	2
-3.0,-45.66666666666663;-8.0,-30.66666666666663;-8.0,9.333333333333371;-8.0,29.33333333333337;4.0,18.33333333333337;23.0,19.33333333333337;	2
-290.96875,-382.875;-316.96875,-223.875;-331.96875,-154.875;-336.96875,-121.875;-336.96875,-91.875;-341.96875,-36.875;-342.96875,-10.875;-342.96875,10.125;-342.96875,30.125;-342.96875,52.125;-343.96875,71.125;-318.96875,75.125;-242.96875,75.125;-103.96875,89.125;36.03125,112.125;150.03125,131.125;241.03125,143.125;293.03125,160.125;320.03125,164.125;339.03125,165.125;359.03125,165.125;343.03125,161.125;343.03125,61.125;343.03125,21.125;323.03125,21.125;303.03125,14.125;271.03125,-6.875;227.03125,-42.875;179.03125,-91.875;138.03125,-131.875;86.03125,-189.875;43.03125,-235.875;	2
-326.5,-227.53125;-341.5,-158.53125;-346.5,-125.53125;-346.5,-95.53125;-351.5,-40.53125;-352.5,-14.53125;-352.5,6.46875;-352.5,26.46875;-352.5,48.46875;-353.5,67.46875;-328.5,71.46875;-252.5,71.46875;-113.5,85.46875;26.5,108.46875;140.5,127.46875;231.5,139.46875;283.5,156.46875;310.5,160.46875;329.5,161.46875;349.5,161.46875;333.5,157.46875;333.5,57.46875;333.5,17.46875;313.5,17.46875;293.5,10.46875;261.5,-10.53125;217.5,-46.53125;169.5,-95.53125;128.5,-135.53125;76.5,-193.53125;33.5,-239.53125;4.5,-269.53125;	2
-350.0,-147.33333333333337;-355.0,-114.33333333333337;-355.0,-84.33333333333337;-360.0,-29.33333333333337;-361.0,-3.3333333333333712;-361.0,17.66666666666663;-361.0,37.66666666666663;-361.0,59.66666666666663;-362.0,78.66666666666663;-337.0,82.66666666666663;-261.0,82.66666666666663;-122.0,96.66666666666663;18.0,119.66666666666663;132.0,138.66666666666663;223.0,150.66666666666663;275.0,167.66666666666663;302.0,171.66666666666663;321.0,172.66666666666663;341.0,172.66666666666663;325.0,168.66666666666663;325.0,68.66666666666663;325.0,28.66666666666663;305.0,28.66666666666663;285.0,21.66666666666663;253.0,0.6666666666666288;209.0,-35.33333333333337;161.0,-84.33333333333337;120.0,-124.33333333333337;68.0,-182.33333333333337;25.0,-228.33333333333337;-4.0,-258.33333333333337;-24.0,-278.33333333333337;-39.0,-296.33333333333337;	2
-364.060606060606,-109.24242424242425;-364.060606060606,-79.24242424242425;-369.060606060606,-24.24242424242425;-370.060606060606,1.7575757575757507;-370.060606060606,22.75757575757575;-370.060606060606,42.75757575757575;-370.060606060606,64.75757575757575;-371.060606060606,83.75757575757575;-346.060606060606,87.75757575757575;-270.060606060606,87.75757575757575;-131.060606060606,101.75757575757575;8.939393939393995,124.75757575757575;122.939393939394,143.75757575757575;213.939393939394,155.75757575757575;265.939393939394,172.75757575757575;292.939393939394,176.75757575757575;311.939393939394,177.75757575757575;331.939393939394,177.75757575757575;315.939393939394,173.75757575757575;315.939393939394,73.75757575757575;315.939393939394,33.75757575757575;295.939393939394,33.75757575757575;275.939393939394,26.75757575757575;243.939393939394,5.757575757575751;199.939393939394,-30.24242424242425;151.939393939394,-79.24242424242425;110.939393939394,-119.24242424242425;58.939393939393995,-177.24242424242425;15.939393939393995,-223.24242424242425;-13.060606060606005,-253.24242424242425;-33.060606060606005,-273.24242424242425;-48.060606060606005,-291.24242424242425;-60.060606060606005,-310.24242424242425;	2
-373.060606060606,-72.75757575757575;-378.060606060606,-17.75757575757575;-379.060606060606,8.24242424242425;-379.060606060606,29.24242424242425;-379.060606060606,49.24242424242425;-379.060606060606,71.24242424242425;-380.060606060606,90.24242424242425;-355.060606060606,94.24242424242425;-279.060606060606,94.24242424242425;-140.060606060606,108.24242424242425;-0.060606060606005485,131.24242424242425;113.939393939394,150.24242424242425;204.939393939394,162.24242424242425;256.939393939394,179.24242424242425;283.939393939394,183.24242424242425;302.939393939394,184.24242424242425;322.939393939394,184.24242424242425;306.939393939394,180.24242424242425;306.939393939394,80.24242424242425;306.939393939394,40.24242424242425;286.939393939394,40.24242424242425;266.939393939394,33.24242424242425;234.939393939394,12.24242424242425;190.939393939394,-23.75757575757575;142.939393939394,-72.75757575757575;101.939393939394,-112.75757575757575;49.939393939393995,-170.75757575757575;6.9393939393939945,-216.75757575757575;-22.060606060606005,-246.75757575757575;-42.060606060606005,-266.75757575757575;-57.060606060606005,-284.75757575757575;-69.060606060606,-303.75757575757575;-76.060606060606,-316.75757575757575;	2
-400.125,16.0;-400.125,37.0;-400.125,57.0;-400.125,79.0;-401.125,98.0;-376.125,102.0;-300.125,102.0;-161.125,116.0;-21.125,139.0;92.875,158.0;183.875,170.0;235.875,187.0;262.875,191.0;281.875,192.0;301.875,192.0;285.875,188.0;285.875,88.0;285.875,48.0;265.875,48.0;245.875,41.0;213.875,20.0;169.875,-16.0;121.875,-65.0;80.875,-105.0;28.875,-163.0;-14.125,-209.0;-43.125,-239.0;-63.125,-259.0;-78.125,-277.0;-90.125,-296.0;-97.125,-309.0;-98.125,-331.0;	2
-419.28125,81.09375;-419.28125,103.09375;-420.28125,122.09375;-395.28125,126.09375;-319.28125,126.09375;-180.28125,140.09375;-40.28125,163.09375;73.71875,182.09375;164.71875,194.09375;216.71875,211.09375;243.71875,215.09375;262.71875,216.09375;282.71875,216.09375;266.71875,212.09375;266.71875,112.09375;266.71875,72.09375;246.71875,72.09375;226.71875,65.09375;194.71875,44.09375;150.71875,8.09375;102.71875,-40.90625;61.71875,-80.90625;9.71875,-138.90625;-33.28125,-184.90625;-62.28125,-214.90625;-82.28125,-234.90625;-97.28125,-252.90625;-109.28125,-271.90625;-116.28125,-284.90625;-117.28125,-306.90625;-116.28125,-327.90625;-109.28125,-341.90625;	2
-429.15625,116.875;-430.15625,135.875;-405.15625,139.875;-329.15625,139.875;-190.15625,153.875;-50.15625,176.875;63.84375,195.875;154.84375,207.875;206.84375,224.875;233.84375,228.875;252.84375,229.875;272.84375,229.875;256.84375,225.875;256.84375,125.875;256.84375,85.875;236.84375,85.875;216.84375,78.875;184.84375,57.875;140.84375,21.875;92.84375,-27.125;51.84375,-67.125;-0.15625,-125.125;-43.15625,-171.125;-72.15625,-201.125;-92.15625,-221.125;-107.15625,-239.125;-119.15625,-258.125;-126.15625,-271.125;-127.15625,-293.125;-126.15625,-314.125;-119.15625,-328.125;-113.15625,-346.125;	2
-440.125,150.90625;-415.125,154.90625;-339.125,154.90625;-200.125,168.90625;-60.125,191.90625;53.875,210.90625;144.875,222.90625;196.875,239.90625;223.875,243.90625;242.875,244.90625;262.875,244.90625;246.875,240.90625;246.875,140.90625;246.875,100.90625;226.875,100.90625;206.875,93.90625;174.875,72.90625;130.875,36.90625;82.875,-12.09375;41.875,-52.09375;-10.125,-110.09375;-53.125,-156.09375;-82.125,-186.09375;-102.125,-206.09375;-117.125,-224.09375;-129.125,-243.09375;-136.125,-256.09375;-137.125,-278.09375;-136.125,-299.09375;-129.125,-313.09375;-123.125,-331.09375;-120.125,-349.09375;	2
-425.0,171.0625;-349.0,171.0625;-210.0,185.0625;-70.0,208.0625;44.0,227.0625;135.0,239.0625;187.0,256.0625;214.0,260.0625;233.0,261.0625;253.0,261.0625;237.0,257.0625;237.0,157.0625;237.0,117.0625;217.0,117.0625;197.0,110.0625;165.0,89.0625;121.0,53.0625;73.0,4.0625;32.0,-35.9375;-20.0,-93.9375;-63.0,-139.9375;-92.0,-169.9375;-112.0,-189.9375;-127.0,-207.9375;-139.0,-226.9375;-146.0,-239.9375;-147.0,-261.9375;-146.0,-282.9375;-139.0,-296.9375;-133.0,-314.9375;-130.0,-332.9375;-134.0,-349.9375;	2
