-14.25,41.25;0.75,25.25;4.75,-13.75;8.75,-52.75;	1
32.071428571428555,-112.71428571428571;48.071428571428555,-87.71428571428571;66.07142857142856,-62.71428571428571;87.07142857142856,-36.71428571428571;102.07142857142856,-7.714285714285708;106.07142857142856,14.285714285714292;107.07142857142856,37.28571428571429;-192.92857142857144,-101.71428571428571;-130.92857142857144,-30.714285714285708;-77.92857142857144,37.28571428571429;-62.928571428571445,52.28571428571429;-49.928571428571445,61.28571428571429;-21.928571428571445,107.28571428571429;-11.928571428571445,130.28571428571428;	1
-100.625,-186.4375;-61.625,-101.4375;-41.625,-50.4375;-15.625,7.5625;-1.625,50.5625;13.375,101.5625;18.375,118.5625;30.375,100.5625;32.375,57.5625;32.375,36.5625;32.375,12.5625;30.375,-5.4375;22.375,-18.4375;12.375,-29.4375;2.375,-40.4375;-5.625,-53.4375;	1
-91.52000000000001,-169.56;-61.52000000000001,-129.56;-32.52000000000001,-83.56;-10.52000000000001,-50.56;6.47999999999999,-25.560000000000002;18.47999999999999,-9.560000000000002;26.47999999999999,2.4399999999999977;34.47999999999999,15.439999999999998;42.47999999999999,28.439999999999998;48.47999999999999,44.44;52.47999999999999,62.44;52.47999999999999,82.44;45.47999999999999,100.44;37.47999999999999,114.44;28.47999999999999,130.44;17.47999999999999,142.44;4.47999999999999,152.44;-64.52000000000001,-163.56;-45.52000000000001,-118.56;-28.52000000000001,-81.56;-21.52000000000001,-51.56;-17.52000000000001,-29.560000000000002;-14.52000000000001,-8.560000000000002;-13.52000000000001,10.439999999999998;-13.52000000000001,35.44;	1
-64.63999999999999,-138.56;-35.639999999999986,-92.56;-13.639999999999986,-59.56;3.3600000000000136,-34.56;15.360000000000014,-18.560000000000002;23.360000000000014,-6.560000000000002;31.360000000000014,6.439999999999998;39.360000000000014,19.439999999999998;45.360000000000014,35.44;49.360000000000014,53.44;49.360000000000014,73.44;42.360000000000014,91.44;34.360000000000014,105.44;25.360000000000014,121.44;14.360000000000014,133.44;1.3600000000000136,143.44;-67.63999999999999,-172.56;-48.639999999999986,-127.56;-31.639999999999986,-90.56;-24.639999999999986,-60.56;-20.639999999999986,-38.56;-17.639999999999986,-17.560000000000002;-16.639999999999986,1.4399999999999977;-16.639999999999986,26.439999999999998;-16.639999999999986,46.44;	1
-131.1764705882353,-336.0;-104.1764705882353,-285.0;-68.1764705882353,-224.0;-50.176470588235304,-178.0;-4.176470588235304,-80.0;17.823529411764696,-19.0;27.823529411764696,11.0;35.823529411764696,49.0;38.823529411764696,66.0;35.823529411764696,84.0;35.823529411764696,184.0;31.823529411764696,168.0;31.823529411764696,147.0;31.823529411764696,127.0;30.823529411764696,108.0;23.823529411764696,95.0;15.823529411764696,83.0;	1
-22.19999999999999,-339.05;-23.19999999999999,-317.05;-24.19999999999999,-282.05;-24.19999999999999,-233.05;-24.19999999999999,-175.05;-34.19999999999999,-113.05000000000001;-44.19999999999999,-61.05000000000001;-59.19999999999999,-11.050000000000011;-68.19999999999999,18.94999999999999;-68.19999999999999,58.94999999999999;-59.19999999999999,72.94999999999999;-21.19999999999999,74.94999999999999;17.80000000000001,86.94999999999999;43.80000000000001,104.94999999999999;63.80000000000001,126.94999999999999;74.80000000000001,145.95;75.80000000000001,168.95;70.80000000000001,199.95;63.80000000000001,226.95;61.80000000000001,244.95;	1
4.699999999999989,212.10000000000002;-71.30000000000001,-314.9;-36.30000000000001,-194.89999999999998;-9.300000000000011,-97.89999999999998;4.699999999999989,-50.89999999999998;14.699999999999989,35.10000000000002;18.69999999999999,77.10000000000002;20.69999999999999,95.10000000000002;25.69999999999999,110.10000000000002;27.69999999999999,129.10000000000002;	1
-67.11764705882354,-305.0;-32.117647058823536,-185.0;-5.117647058823536,-88.0;8.882352941176464,-41.0;18.882352941176464,45.0;22.882352941176464,87.0;24.882352941176464,105.0;29.882352941176464,120.0;31.882352941176464,139.0;29.882352941176464,157.0;-98.11764705882354,-325.0;-68.11764705882354,-222.0;-39.117647058823536,-99.0;-1.117647058823536,29.0;22.882352941176464,110.0;55.882352941176464,225.0;64.88235294117646,248.0;	1
-249.18518518518516,-182.66666666666669;-219.18518518518516,-79.66666666666669;-190.18518518518516,43.333333333333314;-152.18518518518516,171.33333333333331;-128.18518518518516,252.33333333333331;-95.18518518518516,367.3333333333333;-86.18518518518516,390.3333333333333;-86.18518518518516,290.3333333333333;-86.18518518518516,250.33333333333331;-73.18518518518516,231.33333333333331;-52.18518518518516,148.33333333333331;-24.185185185185162,74.33333333333331;-1.185185185185162,19.333333333333314;15.814814814814838,-20.666666666666686;23.814814814814838,-37.666666666666686;39.81481481481484,-67.66666666666669;49.81481481481484,-80.66666666666669;58.81481481481484,-92.66666666666669;67.81481481481484,-106.66666666666669;80.81481481481484,-121.66666666666669;95.81481481481484,-140.66666666666669;120.81481481481484,-169.66666666666669;154.81481481481484,-205.66666666666669;164.81481481481484,-220.66666666666669;174.81481481481484,-230.66666666666669;189.81481481481484,-238.66666666666669;205.81481481481484,-242.66666666666669;	1
