140.08333333333334,53.5;127.08333333333334,39.5;103.08333333333334,29.5;66.08333333333334,17.5;27.083333333333343,5.5;-5.916666666666657,-4.5;-32.91666666666666,-10.5;-51.91666666666666,-15.5;-69.91666666666666,-20.5;-87.91666666666666,-24.5;-101.91666666666666,-30.5;-112.91666666666666,-39.5;	2
112.1,33.0;73.1,21.0;40.099999999999994,11.0;13.099999999999994,5.0;-5.900000000000006,0.0;-23.900000000000006,-5.0;-41.900000000000006,-9.0;-55.900000000000006,-15.0;-66.9,-24.0;-43.900000000000006,-17.0;	2
83.7,24.700000000000003;50.7,14.700000000000003;23.700000000000003,8.700000000000003;4.700000000000003,3.700000000000003;-13.299999999999997,-1.2999999999999972;-31.299999999999997,-5.299999999999997;-45.3,-11.299999999999997;-56.3,-20.299999999999997;-33.3,-13.299999999999997;16.700000000000003,-0.29999999999999716;	2
50.099999999999994,15.700000000000003;23.099999999999994,9.700000000000003;4.099999999999994,4.700000000000003;-13.900000000000006,-0.29999999999999716;-31.900000000000006,-4.299999999999997;-45.900000000000006,-10.299999999999997;-56.900000000000006,-19.299999999999997;-33.900000000000006,-12.299999999999997;16.099999999999994,0.7000000000000028;89.1,15.700000000000003;	2
12.200000000000003,8.5;-6.799999999999997,3.5;-24.799999999999997,-1.5;-42.8,-5.5;-56.8,-11.5;-67.8,-20.5;-44.8,-13.5;5.200000000000003,-0.5;78.2,14.5;148.2,26.5;	2
-25.400000000000006,0.8999999999999986;-43.400000000000006,-4.100000000000001;-61.400000000000006,-8.100000000000001;-75.4,-14.100000000000001;-86.4,-23.1;-63.400000000000006,-16.1;-13.400000000000006,-3.1000000000000014;59.599999999999994,11.899999999999999;129.6,23.9;179.6,31.9;	2
-67.4,-7.599999999999994;-85.4,-11.599999999999994;-99.4,-17.599999999999994;-110.4,-26.599999999999994;-87.4,-19.599999999999994;-37.400000000000006,-6.599999999999994;35.599999999999994,8.400000000000006;105.6,20.400000000000006;155.6,28.400000000000006;190.6,32.400000000000006;	2
-133.27272727272728,-19.0;-147.27272727272728,-25.0;-158.27272727272728,-34.0;-135.27272727272728,-27.0;-85.27272727272728,-14.0;-12.27272727272728,1.0;57.72727272727272,13.0;107.72727272727272,21.0;142.72727272727272,25.0;171.72727272727272,28.0;191.72727272727272,31.0;	2
-226.14285714285717,-40.35714285714286;-237.14285714285717,-49.35714285714286;-214.14285714285717,-42.35714285714286;-164.14285714285717,-29.35714285714286;-91.14285714285717,-14.357142857142861;-21.142857142857167,-2.357142857142861;28.857142857142833,5.642857142857139;63.85714285714283,9.642857142857139;92.85714285714283,12.642857142857139;112.85714285714283,15.642857142857139;127.85714285714283,20.64285714285714;146.85714285714283,29.64285714285714;173.85714285714283,38.64285714285714;206.85714285714283,45.64285714285714;	2
-285.53333333333336,-58.400000000000006;-262.53333333333336,-51.400000000000006;-212.53333333333336,-38.400000000000006;-139.53333333333336,-23.400000000000006;-69.53333333333336,-11.400000000000006;-19.53333333333336,-3.4000000000000057;15.46666666666664,0.5999999999999943;44.46666666666664,3.5999999999999943;64.46666666666664,6.599999999999994;79.46666666666664,11.599999999999994;98.46666666666664,20.599999999999994;125.46666666666664,29.599999999999994;158.46666666666664,36.599999999999994;190.46666666666664,38.599999999999994;212.46666666666664,38.599999999999994;	2
-333.61538461538464,-119.28205128205127;-283.61538461538464,-106.28205128205127;-210.61538461538464,-91.28205128205127;-140.61538461538464,-79.28205128205127;-90.61538461538464,-71.28205128205127;-55.61538461538464,-67.28205128205127;-26.61538461538464,-64.28205128205127;-6.615384615384642,-61.28205128205127;8.384615384615358,-56.28205128205127;27.38461538461536,-47.28205128205127;54.38461538461536,-38.28205128205127;87.38461538461536,-31.28205128205127;119.38461538461536,-29.28205128205127;141.38461538461536,-29.28205128205127;159.38461538461536,-31.28205128205127;170.38461538461536,-40.28205128205127;185.38461538461536,-46.28205128205127;178.38461538461536,-33.28205128205127;162.38461538461536,-29.28205128205127;144.38461538461536,-24.28205128205127;119.38461538461536,-11.28205128205127;101.38461538461536,-0.2820512820512704;85.38461538461536,9.71794871794873;67.38461538461536,16.71794871794873;35.38461538461536,19.71794871794873;8.384615384615358,17.71794871794873;-16.61538461538464,10.71794871794873;-5.615384615384642,19.71794871794873;-5.615384615384642,41.71794871794873;-16.61538461538464,69.71794871794873;-31.61538461538464,80.71794871794873;-46.61538461538464,75.71794871794873;-54.61538461538464,61.71794871794873;-65.61538461538464,75.71794871794873;-74.61538461538464,90.71794871794873;-83.61538461538464,105.71794871794873;-92.61538461538464,122.71794871794873;-102.61538461538464,137.71794871794873;-111.61538461538464,151.71794871794873;	2
-6.600000000000023,2.6000000000000227;6.399999999999977,9.600000000000023;13.399999999999977,-9.399999999999977;2.3999999999999773,-0.39999999999997726;-15.600000000000023,-2.3999999999999773;	2
9.600000000000023,-223.2;2.6000000000000227,-191.2;-1.3999999999999773,-165.2;-2.3999999999999773,-138.2;-2.3999999999999773,-107.19999999999999;1.6000000000000227,-73.19999999999999;6.600000000000023,-40.19999999999999;8.600000000000023,-7.199999999999989;11.600000000000023,20.80000000000001;9.600000000000023,2.8000000000000114;5.600000000000023,19.80000000000001;-2.3999999999999773,35.80000000000001;-6.399999999999977,52.80000000000001;-8.399999999999977,71.80000000000001;-10.399999999999977,89.80000000000001;-9.399999999999977,109.80000000000001;-8.399999999999977,128.8;-11.399999999999977,146.8;4.600000000000023,142.8;2.6000000000000227,123.80000000000001;	2
-14.0,0.5;-17.0,18.5;-1.0,14.5;-3.0,-4.5;12.0,-9.5;23.0,-19.5;	2
-36.0,34.5;-20.0,30.5;-22.0,11.5;-7.0,6.5;4.0,-3.5;18.0,-15.5;27.0,-26.5;36.0,-37.5;	2
-54.35294117647061,10.0;-56.35294117647061,-9.0;-41.35294117647061,-14.0;-30.35294117647061,-24.0;-16.35294117647061,-36.0;-7.352941176470608,-47.0;1.6470588235293917,-58.0;10.647058823529392,-70.0;4.647058823529392,-84.0;21.64705882352939,-79.0;22.64705882352939,-57.0;23.64705882352939,-32.0;24.64705882352939,18.0;24.64705882352939,64.0;24.64705882352939,109.0;24.64705882352939,142.0;22.64705882352939,167.0;	2
-60.25,-39.5;-29.25,-26.5;-8.25,-17.5;5.75,-10.5;27.75,-2.5;28.75,16.5;20.75,32.5;14.75,47.5;	2
