-21.333333333333314,-10.800000000000011;-14.333333333333314,2.1999999999999886;6.666666666666686,7.199999999999989;31.666666666666686,11.199999999999989;57.666666666666686,16.19999999999999;35.666666666666686,16.19999999999999;17.666666666666686,13.199999999999989;3.6666666666666856,7.199999999999989;-109.33333333333331,-142.8;-59.333333333333314,-92.80000000000001;-12.333333333333314,-31.80000000000001;7.666666666666686,16.19999999999999;16.666666666666686,46.19999999999999;20.666666666666686,62.19999999999999;18.666666666666686,80.19999999999999;	1
-44.25,-145.9375;5.75,-95.9375;52.75,-34.9375;72.75,13.0625;81.75,43.0625;85.75,59.0625;83.75,77.0625;-102.25,-140.9375;-84.25,-107.9375;-60.25,-56.9375;-36.25,-2.9375;-20.25,39.0625;-14.25,61.0625;-8.25,77.0625;-7.25,98.0625;-5.25,118.0625;	1
3.1875,-113.75;50.1875,-52.75;70.1875,-4.75;79.1875,25.25;83.1875,41.25;81.1875,59.25;-104.8125,-158.75;-86.8125,-125.75;-62.8125,-74.75;-38.8125,-20.75;-22.8125,21.25;-16.8125,43.25;-10.8125,59.25;-9.8125,80.25;-7.8125,100.25;-5.8125,121.25;	1
50.625,-68.75;70.625,-20.75;79.625,9.25;83.625,25.25;81.625,43.25;-104.375,-174.75;-86.375,-141.75;-62.375,-90.75;-38.375,-36.75;-22.375,5.25;-16.375,27.25;-10.375,43.25;-9.375,64.25;-7.375,84.25;-5.375,105.25;-3.375,126.25;	1
101.35714285714286,17.85714285714286;-84.64285714285714,-200.14285714285714;-66.64285714285714,-167.14285714285714;-42.64285714285714,-116.14285714285714;-18.64285714285714,-62.14285714285714;-2.642857142857139,-20.14285714285714;3.357142857142861,1.8571428571428612;9.357142857142861,17.85714285714286;10.357142857142861,38.85714285714286;12.357142857142861,58.85714285714286;14.357142857142861,79.85714285714286;16.35714285714286,100.85714285714286;21.35714285714286,115.85714285714286;26.35714285714286,133.85714285714286;	1
27.888888888888886,27.444444444444457;29.888888888888886,47.44444444444446;31.888888888888886,68.44444444444446;33.888888888888886,89.44444444444446;38.888888888888886,104.44444444444446;43.888888888888886,122.44444444444446;-91.11111111111111,-206.55555555555554;-74.11111111111111,-159.55555555555554;-41.111111111111114,-93.55555555555554;	1
33.0,49.111111111111114;35.0,70.11111111111111;37.0,91.11111111111111;42.0,106.11111111111111;47.0,124.11111111111111;-88.0,-204.88888888888889;-71.0,-157.88888888888889;-38.0,-91.88888888888889;3.0,14.111111111111114;	1
36.77777777777777,68.33333333333334;38.77777777777777,89.33333333333334;43.77777777777777,104.33333333333334;48.77777777777777,122.33333333333334;-86.22222222222223,-206.66666666666666;-69.22222222222223,-159.66666666666666;-36.22222222222223,-93.66666666666666;4.7777777777777715,12.333333333333343;18.77777777777777,63.33333333333334;	1
40.111111111111114,88.22222222222223;45.111111111111114,103.22222222222223;50.111111111111114,121.22222222222223;-84.88888888888889,-207.77777777777777;-67.88888888888889,-160.77777777777777;-34.888888888888886,-94.77777777777777;6.111111111111114,11.222222222222229;20.111111111111114,62.22222222222223;26.111111111111114,77.22222222222223;	1
29.923076923076934,56.769230769230774;34.923076923076934,74.76923076923077;-100.07692307692307,-254.23076923076923;-83.07692307692307,-207.23076923076923;-50.076923076923066,-141.23076923076923;-9.076923076923066,-35.230769230769226;4.923076923076934,15.769230769230774;10.923076923076934,30.769230769230774;16.923076923076934,51.769230769230774;21.923076923076934,67.76923076923077;33.923076923076934,91.76923076923077;39.923076923076934,108.76923076923077;48.923076923076934,139.76923076923077;	1
31.84615384615384,62.15384615384613;-103.15384615384616,-266.84615384615387;-86.15384615384616,-219.84615384615387;-53.15384615384616,-153.84615384615387;-12.15384615384616,-47.84615384615387;1.8461538461538396,3.153846153846132;7.84615384615384,18.153846153846132;13.84615384615384,39.15384615384613;18.84615384615384,55.15384615384613;30.84615384615384,79.15384615384613;36.84615384615384,96.15384615384613;45.84615384615384,127.15384615384613;66.84615384615384,208.15384615384613;	1
-177.19230769230768,-300.1923076923077;-160.19230769230768,-253.19230769230768;-127.19230769230768,-187.19230769230768;-86.19230769230768,-81.19230769230768;-72.19230769230768,-30.19230769230768;-66.19230769230768,-15.19230769230768;-60.19230769230768,5.807692307692321;-55.19230769230768,21.80769230769232;-43.19230769230768,45.80769230769232;-37.19230769230768,62.80769230769232;-28.19230769230768,93.80769230769232;-7.192307692307679,174.80769230769232;-5.192307692307679,192.80769230769232;-7.192307692307679,174.80769230769232;-16.19230769230768,152.80769230769232;-22.19230769230768,138.80769230769232;-28.19230769230768,124.80769230769232;-23.19230769230768,109.80769230769232;-5.192307692307679,77.80769230769232;20.80769230769232,37.80769230769232;57.80769230769232,-0.1923076923076792;125.80769230769232,-63.19230769230768;178.80769230769232,-94.19230769230768;198.80769230769232,-106.19230769230768;212.80769230769232,-122.19230769230768;232.80769230769232,-161.19230769230768;	1
-176.65384615384613,-257.38461538461536;-143.65384615384613,-191.38461538461536;-102.65384615384613,-85.38461538461536;-88.65384615384613,-34.38461538461536;-82.65384615384613,-19.38461538461536;-76.65384615384613,1.6153846153846416;-71.65384615384613,17.61538461538464;-59.65384615384613,41.61538461538464;-53.65384615384613,58.61538461538464;-44.65384615384613,89.61538461538464;-23.653846153846132,170.61538461538464;-21.653846153846132,188.61538461538464;-23.653846153846132,170.61538461538464;-32.65384615384613,148.61538461538464;-38.65384615384613,134.61538461538464;-44.65384615384613,120.61538461538464;-39.65384615384613,105.61538461538464;-21.653846153846132,73.61538461538464;4.346153846153868,33.61538461538464;41.34615384615387,-4.384615384615358;109.34615384615387,-67.38461538461536;162.34615384615387,-98.38461538461536;182.34615384615387,-110.38461538461536;196.34615384615387,-126.38461538461536;216.34615384615387,-165.38461538461536;234.34615384615387,-195.38461538461536;	1
-125.12,-94.88;-111.12,-43.879999999999995;-105.12,-28.879999999999995;-99.12,-7.8799999999999955;-94.12,8.120000000000005;-82.12,32.120000000000005;-76.12,49.120000000000005;-67.12,80.12;-46.120000000000005,161.12;-44.120000000000005,179.12;-46.120000000000005,161.12;-55.120000000000005,139.12;-61.120000000000005,125.12;-67.12,111.12;-62.120000000000005,96.12;-44.120000000000005,64.12;-18.120000000000005,24.120000000000005;18.879999999999995,-13.879999999999995;86.88,-76.88;139.88,-107.88;159.88,-119.88;173.88,-135.88;193.88,-174.88;211.88,-204.88;218.88,-220.88;	1
-125.16000000000003,-38.31999999999999;-119.16000000000003,-23.319999999999993;-113.16000000000003,-2.319999999999993;-108.16000000000003,13.680000000000007;-96.16000000000003,37.68000000000001;-90.16000000000003,54.68000000000001;-81.16000000000003,85.68;-60.160000000000025,166.68;-58.160000000000025,184.68;-60.160000000000025,166.68;-69.16000000000003,144.68;-75.16000000000003,130.68;-81.16000000000003,116.68;-76.16000000000003,101.68;-58.160000000000025,69.68;-32.160000000000025,29.680000000000007;4.839999999999975,-8.319999999999993;72.83999999999997,-71.32;125.83999999999997,-102.32;145.83999999999997,-114.32;159.83999999999997,-130.32;179.83999999999997,-169.32;197.83999999999997,-199.32;204.83999999999997,-215.32;211.83999999999997,-228.32;	1
-133.04000000000002,-14.920000000000016;-127.04000000000002,6.079999999999984;-122.04000000000002,22.079999999999984;-110.04000000000002,46.079999999999984;-104.04000000000002,63.079999999999984;-95.04000000000002,94.07999999999998;-74.04000000000002,175.07999999999998;-72.04000000000002,193.07999999999998;-74.04000000000002,175.07999999999998;-83.04000000000002,153.07999999999998;-89.04000000000002,139.07999999999998;-95.04000000000002,125.07999999999998;-90.04000000000002,110.07999999999998;-72.04000000000002,78.07999999999998;-46.04000000000002,38.079999999999984;-9.04000000000002,0.07999999999998408;58.95999999999998,-62.920000000000016;111.95999999999998,-93.92000000000002;131.95999999999998,-105.92000000000002;145.95999999999998,-121.92000000000002;165.95999999999998,-160.92000000000002;183.95999999999998,-190.92000000000002;190.95999999999998,-206.92000000000002;197.95999999999998,-219.92000000000002;207.95999999999998,-239.92000000000002;	1
-136.08695652173913,57.56521739130437;-130.08695652173913,74.56521739130437;-121.08695652173913,105.56521739130437;-100.08695652173913,186.56521739130437;-98.08695652173913,204.56521739130437;-100.08695652173913,186.56521739130437;-109.08695652173913,164.56521739130437;-115.08695652173913,150.56521739130437;-121.08695652173913,136.56521739130437;-116.08695652173913,121.56521739130437;-98.08695652173913,89.56521739130437;-72.08695652173913,49.56521739130437;-35.086956521739125,11.565217391304373;32.913043478260875,-51.43478260869563;85.91304347826087,-82.43478260869563;105.91304347826087,-94.43478260869563;119.91304347826087,-110.43478260869563;139.91304347826087,-149.43478260869563;157.91304347826087,-179.43478260869563;164.91304347826087,-195.43478260869563;171.91304347826087,-208.43478260869563;181.91304347826087,-228.43478260869563;190.91304347826087,-239.43478260869563;	1
-132.39999999999998,237.05;-134.39999999999998,219.05;-143.39999999999998,197.05;-149.39999999999998,183.05;-155.39999999999998,169.05;-150.39999999999998,154.05;-132.39999999999998,122.05000000000001;-106.39999999999998,82.05000000000001;-69.39999999999998,44.05000000000001;-1.3999999999999773,-18.94999999999999;51.60000000000002,-49.94999999999999;71.60000000000002,-61.94999999999999;85.60000000000002,-77.94999999999999;105.60000000000002,-116.94999999999999;123.60000000000002,-146.95;130.60000000000002,-162.95;137.60000000000002,-175.95;147.60000000000002,-195.95;156.60000000000002,-206.95;164.60000000000002,-192.95;	1
